100
818 931
543 417
421 729
132 485
767 847
652 201
605 216
310 929
954 662
267 455
682 380
705 243
995 890
670 375
711 309
249 372
198 840
756 957
945 715
742 878
993 670
901 440
206 482
152 556
403 532
458 177
127 103
771 820
511 445
745 867
422 201
173 558
854 324
888 74
264 579
331 11
200 457
13 694
108 590
319 824
859 899
956 983
698 97
28 771
449 782
336 639
229 419
479 466
934 396
615 957
577 884
448 505
248 485
970 614
668 17
798 410
301 1
274 884
152 903
910 884
719 697
228 713
199 157
837 910
859 963
749 538
501 868
168 898
381 85
455 717
722 48
683 676
245 567
162 837
21 669
822 739
212 291
122 963
441 204
145 508
831 526
247 836
171 157
305 36
659 494
784 303
737 277
848 484
350 395
23 365
612 151
376 4
68 512
535 969
998 532
368 746
167 600
800 552
709 389
61 833
